2
3
4
5
6
7
9
10
11
12
13
14
15
16
18
20
21
22
23
24
25
26
27
28
29
30
31
32
34
35
36
37
38
39
40
41
42
43
44
46
48
49
50
51
52
53
54
55
56
57
59
60
61
62
149
150
151
152
153
154
155
156
157
158
159
160
161
162
163
164
171
172
179
180
181
182
183
184
185
186
187
188
274
275
276
277
278
279
285
300
307
310
311
312
313
316
327
328
329
333
334
335
336
337
338
339
340
342
343
346
372
373
374
375
376
377
378
379
380
381
382
443
444
446
448
449
450
451
452
453
454
455
457
458
459
460
461
462
463
464
465
466
467
468
469
470
472
474
475
476
477
479
480
481
488
554
679
682
683
685
694
713
714
715
716
717
718
719
720
721
722
723
724
725
726
727
728
729
730
731
732
733
734
735
736
737
738
739
740
741
742
743
744
745
746
747
748
749
750
751
752
753
754
755
756
757
758
759
760
761
762
763
764
765
766
767
768
769
770
771
772
773
774
775
776
777
778
779
780
782
783
784
785
786
787
788
789
790
791
792
793
794
795
796
797
798
799
800
801
802
803
804
805
806
807
808
809
810
811
812
813
814
815
816
817
818
819
820
821
822
823
824
825
826
827
828
829
830
831
832
833
834
835
836
837
838
839
840
841
842
843
844
845
846
847
848
849
850
851
852
853
854
855
857
858
859
860
861
862
863
864
865
866
867
868
869
870
871
872
873
874
875
876
877
878
879
880
881
882
884
885
886
887
888
889
890
891
892
893
894
895
896
897
898
899
900
901
902
903
904
905
906
907
908
909
910
911
912
913
914
915
916
917
918
919
920
921
922
923
924
925
926
927
928
929
930
931
932
933
934
935
936
937
938
939
940
941
942
943
944
945
946
947
948
949
950
951
952
953
954
955
956
957
958
959
960
961
962
963
964
965
966
967
968
969
970
971
972
973
974
975
976
977
978
979
980
981
982
983
984
985
986
987
988
989
990
991
992
993
994
995
996
997
998
999
1000
1001
1002
1003
1004
1005
1006
1007
1008
1009
1010
1011
1012
1013
1014
1015
1016
1017
1018
1019
1020
1021
1022
1023
1025
1026
1036
1037
1038
1039
1040
1041
1042
1043
1044
1045
1046
1048
1049
1050
1053
1054
1055
1056
1059
1060
1061
1062
1063
1064
1065
1066
1067
1068
1069
1071
1073
1075
1077
1078
1079
1080
1081
1082
1083
1084
1085
1086
1087
1088
1100
1101
1102
1104
1106
1107
1109
1110
1111
1112
1113
1114
1115
1116
1117
1119
1120
1121
1122
1123
1124
1125
1126
1127
1128
1129
1130
1131
1132
1133
1134
1135
1136
1137
1138
1139
1140
1141
1142
1143
1144
1145
1146
1147
1148
1149
1150
1151
1152
1153
1154
1155
1156
1157
1158
1159
1160
1161
1162
1163
1164
1165
1166
1167
1169
1176
1216
1217
1218
1219
1220
1222
1226
1233
1235
1236
1237
1238
1240
1412
1413
1441
1442
1443
1444
1446
1447
1448
1449
1450
1451
1452
1453
1454
1455
1458
1459
1460
1461
1462
1463
1464
1465
1466
1467
1470
1471
1472
1473
1475
1476
1477
1478
1480
1481
1482
1483
1484
1487
1488
1489
1490
1491
1492
1493
1494
1495
1496
1497
1498
1499
1500
1501
1502
1503
1504
1505
1506
1507
1508
1509
1510
1511
1512
1513
1514
1516
1517
1518
1519
1520
1523
1524
1525
1526
1527
1528
1529
1530
1531
1532
1533
1534
1535
1536
1537
1538
1539
1540
1541
1542
1543
1544
1545
1546
1547
1548
1549
1551
1552
1553
1554
1555
1556
1557
1558
1559
1560
1561
1562
1563
1564
1565
1566
1567
1568
1569
1570
1590
1596
1597
1600
4134
4135
4153
4154
4329
4340
4534
4537
4538
4541
4552
6332
23380
23381
23499
23512
40474
40475
40476
40477
40478
40496
40497
40498
40499
40509
40536
40588
40589
40590
40591
40592
40593
40594
40595
40596
40597
40645
40646
40647
40648
40649
40650
40651
40652
40653
40654
40655
40656
40660
40663
40664
40665
40666
40668
40669
40670
40671
40672
40676
40677
40678
40680
40681
40682
40683
40685
40686
40687
40690
40691
40693
40695
40696
40697
40698
40700
40701
40702
40704
40705
40706
40707
40708
40709
40710
40711
40712
40713
40714
40715
40922
40923
40966
40971
