2
4
7
9
10
11
13
15
25
27
29
31
34
35
37
39
40
41
42
43
48
49
50
51
52
53
54
55
56
59
61
62
163
164
171
172
186
187
188
275
276
277
278
285
307
311
327
328
329
333
334
335
336
337
338
339
340
342
343
346
374
376
377
379
380
443
444
446
448
449
450
451
452
453
455
457
458
459
460
461
462
463
464
465
466
467
468
469
470
472
474
475
476
477
479
480
481
682
683
685
694
713
714
715
716
717
719
721
723
724
726
729
730
731
732
733
736
738
739
740
743
744
745
746
747
748
749
750
751
753
754
755
756
757
758
759
760
762
763
764
765
766
767
768
769
770
771
773
774
775
776
777
778
779
780
782
783
784
785
786
787
788
789
790
791
792
793
794
795
796
797
798
799
800
801
804
805
806
808
810
811
812
813
814
815
817
818
820
824
825
826
827
829
830
831
832
835
836
837
838
839
840
841
842
844
845
848
849
850
852
853
854
855
857
858
859
860
861
862
863
864
865
866
867
868
869
870
872
873
874
875
876
877
878
879
880
882
884
885
886
887
888
889
890
891
892
893
894
895
896
898
899
900
902
903
904
905
906
907
908
909
910
911
912
913
915
916
917
918
919
920
921
922
924
925
926
927
928
929
931
932
933
935
936
937
938
939
940
941
942
943
944
945
946
947
949
950
951
952
955
956
957
960
961
963
964
965
967
968
969
970
972
973
974
975
982
984
985
986
987
988
989
990
992
994
996
997
998
999
1001
1003
1004
1005
1006
1007
1008
1009
1010
1011
1012
1013
1014
1015
1016
1023
1025
1026
1045
1048
1054
1055
1059
1060
1061
1062
1063
1064
1065
1066
1071
1073
1075
1100
1115
1117
1121
1167
1412
1413
1441
1442
1443
1446
1447
1448
1449
1450
1451
1452
1455
1463
1464
1465
1467
1470
1472
1473
1480
1482
1488
1490
1495
1498
1499
1500
1506
1508
1510
1511
1512
1513
1516
1517
1518
1519
1520
1523
1524
1547
1549
1551
1553
1554
1555
1556
1559
1565
1600
4153
4329
4340
6332
23381
23499
40496
40509
40589
40660
40663
40669
40671
40681
40682
40683
40686
40690
40693
40698
40700
40705
40709
40710
40711
40712
40714
40715
40971
40981
40994
