3
5
6
40966
12
14
16
18
20
21
22
23
24
26
28
30
32
36
38
4134
4135
44
46
57
4154
60
149
150
151
152
153
154
155
156
157
158
159
160
161
162
179
180
181
182
183
184
185
274
279
300
310
312
313
316
372
373
375
378
381
382
4534
4537
4538
4541
454
4552
488
554
679
718
720
722
725
727
728
734
735
737
741
742
752
761
772
802
803
807
809
816
819
821
822
823
828
833
834
843
846
847
851
23380
871
881
897
901
914
923
930
934
948
953
954
958
959
962
966
971
976
977
978
979
980
981
983
23512
991
993
995
1000
1002
1017
1018
1019
1020
1021
1022
1036
1037
1038
1039
1040
1041
1042
1043
1044
1046
1049
1050
1053
1056
1067
1068
1069
1077
1078
1079
1080
1081
1082
1083
1084
1085
1086
1087
1088
1101
1102
1104
1106
1107
1109
1110
1111
1112
1113
1114
1116
1119
1120
1122
1123
1124
1125
1126
1127
1128
1129
1130
1131
1132
1133
1134
1135
1136
1137
1138
1139
1140
1141
1142
1143
1144
1145
1146
1147
1148
1149
1150
1151
1152
1153
1154
1155
1156
1157
1158
1159
1160
1161
1162
1163
1164
1165
1166
1169
1176
1216
1217
1218
1219
1220
1222
1226
1233
1235
1236
1237
1238
1240
1444
1453
1454
1458
1459
1460
1461
1462
1466
1471
1475
1476
1477
1478
1481
1483
1484
1487
1489
1491
1492
1493
1494
1496
1497
1501
1502
1503
1504
1505
1507
1509
1514
1525
1526
1527
1528
1529
1530
1531
1532
1533
1534
1535
1536
1537
1538
1539
1540
1541
1542
1543
1544
1545
1546
1548
1552
1557
1558
1560
1561
1562
40474
1563
40475
1564
40476
40477
1566
40478
1567
1568
1569
1570
40497
40498
40499
1590
1596
1597
40536
40588
40590
40591
40592
40593
40594
40595
40596
40597
40645
40646
40647
40648
40649
40650
40651
40652
40653
40654
40655
40656
40664
40665
40666
40668
40670
40672
40676
40677
40678
40680
40685
40687
40691
40695
40696
40697
40701
40702
40704
40706
40707
40708
40713
40922
40923
