
1 0 1 1.000000 
2 0 2 0.828598 
3 0 3 0.753401 
4 0 4 0.711048 
5 0 5 0.684261 
6 0 6 0.666116 
7 0 7 0.653262 
8 0 8 0.643874 
9 0 9 0.636870 
10 0 10 0.631568 
11 0 11 0.627520 
12 0 12 0.624417 
13 0 13 0.622040 
14 0 14 0.620231 
15 0 15 0.618871 
16 0 16 0.617873 
17 0 17 0.617166 
18 0 18 0.616698 
19 0 19 0.616426 
20 0 20 0.616316 
21 0 21 0.616342 
22 0 22 0.616481 
1 1 1 1.000000 
2 1 2 1.000000 
3 1 3 0.971426 
4 1 4 0.942609 
5 1 5 0.917632 
6 1 6 0.896570 
7 1 7 0.878819 
8 1 8 0.863755 
9 1 9 0.850860 
10 1 10 0.839725 
11 1 11 0.830030 
12 1 12 0.821527 
13 1 13 0.814018 
14 1 14 0.807348 
15 1 15 0.801391 
16 1 16 0.796044 
17 1 17 0.791225 
18 1 18 0.786863 
19 1 19 0.782902 
20 1 20 0.779293 
21 1 21 0.775994 
22 1 22 0.772972 
1 3 1 1.000000 
2 3 2 1.000000 
3 3 3 1.000000 
4 3 4 1.000000 
5 3 5 0.996102 
6 3 6 0.989701 
7 3 7 0.982053 
8 3 8 0.973931 
9 3 9 0.965768 
10 3 10 0.957799 
11 3 11 0.950147 
12 3 12 0.942867 
13 3 13 0.935979 
14 3 14 0.929481 
15 3 15 0.923360 
16 3 16 0.917598 
17 3 17 0.912174 
18 3 18 0.907065 
19 3 19 0.902250 
20 3 20 0.897707 
21 3 21 0.893417 
22 3 22 0.889362 
1 5 1 1.000000 
2 5 2 1.000000 
3 5 3 1.000000 
4 5 4 1.000000 
5 5 5 1.000000 
6 5 6 1.000000 
7 5 7 0.998851 
8 5 8 0.996580 
9 5 9 0.993454 
10 5 10 0.989737 
11 5 11 0.985642 
12 5 12 0.981328 
13 5 13 0.976907 
14 5 14 0.972459 
15 5 15 0.968041 
16 5 16 0.963690 
17 5 17 0.959433 
18 5 18 0.955285 
19 5 19 0.951258 
20 5 20 0.947356 
21 5 21 0.943582 
22 5 22 0.939936 
22 0 1 0.032008 
22 0 2 0.045888 
22 0 3 0.060378 
22 0 4 0.075704 
22 0 5 0.091999 
22 0 6 0.109365 
22 0 7 0.127891 
22 0 8 0.147667 
22 0 9 0.168779 
22 0 10 0.191321 
22 0 11 0.215389 
22 0 12 0.241086 
22 0 13 0.268523 
22 0 14 0.297817 
22 0 15 0.329095 
22 0 16 0.362493 
22 0 17 0.398157 
22 0 18 0.436245 
22 0 19 0.476929 
22 0 20 0.520394 
22 0 21 0.566839 
22 0 22 0.616481 
22 1 1 1.000000 
22 1 2 0.640910 
22 1 3 0.518394 
22 1 4 0.459539 
22 1 5 0.428290 
22 1 6 0.412150 
22 1 7 0.405580 
22 1 8 0.405743 
22 1 9 0.411040 
22 1 10 0.420517 
22 1 11 0.433582 
22 1 12 0.449865 
22 1 13 0.469139 
22 1 14 0.491274 
22 1 15 0.516208 
22 1 16 0.543935 
22 1 17 0.574487 
22 1 18 0.607931 
22 1 19 0.644366 
22 1 20 0.683913 
22 1 21 0.726724 
22 1 22 0.772972 
22 3 1 1.000000 
22 3 2 1.000000 
22 3 3 1.000000 
22 3 4 0.857699 
22 3 5 0.772567 
22 3 6 0.718099 
22 3 7 0.682498 
22 3 8 0.659671 
22 3 9 0.646141 
22 3 10 0.639787 
22 3 11 0.639248 
22 3 12 0.643625 
22 3 13 0.652311 
22 3 14 0.664896 
22 3 15 0.681106 
22 3 16 0.700770 
22 3 17 0.723787 
22 3 18 0.750120 
22 3 19 0.779777 
22 3 20 0.812808 
22 3 21 0.849297 
22 3 22 0.889362 
22 5 1 1.000000 
22 5 2 1.000000 
22 5 3 1.000000 
22 5 4 1.000000 
22 5 5 1.000000 
22 5 6 0.917795 
22 5 7 0.861011 
22 5 8 0.821247 
22 5 9 0.793696 
22 5 10 0.775409 
22 5 11 0.764478 
22 5 12 0.759627 
22 5 13 0.759978 
22 5 14 0.764921 
22 5 15 0.774029 
22 5 16 0.787010 
22 5 17 0.803669 
22 5 18 0.823888 
22 5 19 0.847611 
22 5 20 0.874829 
22 5 21 0.905580 
22 5 22 0.939936 
